20131117180447.739 4 351  336  342  325  0 0 
20131117180630.8 24 137  86  36  36  0  
20131117180748.351 24 137  86  36  36  0 0 351  336  342  325  0  
20131117180755.371 24 137  86  36  36  0 0 351  336  342  325  0  
20131117180759.758 24 137  86  36  36  0 0 351  336  342  325  0  
20131117180800.479 24 137  86  36  36  0 0 351  336  342  325  0  
20131117180800.985 24 137  86  36  36  0 0 351  336  342  325  0  
20131117180801.593 24 137  86  36  36  0 0 351  336  342  325  0  
20131117180802.169 24 137  86  36  36  0 0 351  336  342  325  0  
20131117180802.702 24 137  86  36  36  0 0 351  336  342  325  0  
20131117180803.156 24 137  86  36  36  0 0 351  336  342  325  0  
20131117180803.622 24 137  86  36  36  0 0 351  336  342  325  0  
20131117180803.831 24 137  86  36  36  0 0 351  336  342  325  0  
20131117180804.23 24 137  86  36  36  0 0 351  336  342  325  0  
20131117180804.189 24 137  86  36  36  0 0 351  336  342  325  0  
20131117180804.359 24 137  86  36  36  0 0 351  336  342  325  0  
20131117180804.555 24 137  86  36  36  0 0 351  336  342  325  0  
20131117180804.862 24 137  86  36  36  0 0 351  336  342  325  0  
20131117180805.217 24 137  86  36  36  0 0 351  336  342  325  0  
20131117180805.417 24 137  86  36  36  0 0 351  336  342  325  0  
20131117180805.568 24 137  86  36  36  0 0 351  336  342  325  0  
20131117180805.739 24 137  86  36  36  0 0 351  336  342  325  0  
20131117180806.17 24 137  86  36  36  0 0 351  336  342  325  0  
20131117200032.519 24 137  86  36  36  0  
20131117200052.893 4 351  336  342  325  0 0 
20131117200125.50 24 137  86  36  36  0 0 351  336  342  325  0  
20131117211100.923 24 137  86  36  36  0 0 351  336  342  325  0  
20131117211235.858 4 351  336  342  325  0 0 
20131117211327.683 24 137  86  36  36  0  
20131117213238.850 24 351  336  342  325  0 0 137  86  36  36  0  
20131117214418.868 24 351  336  342  325  0 0 137  86  36  36  0  
20131117214736.650 24 137  86  36  36  0  
20131117214757.202 4 351  336  342  325  0 0 
20131117214806.381 24 351  336  342  325  0 0 137  86  36  36  0  
20131117220237.282 435133634232500
20131117220358.1974 351  336  342  325  0 0 
20131117220443.294 351  336  342  325  0 0 
20131117220445.5844 351  336  342  325  0 0 
20131117220615.844 24 137  86  36  36  0  
20131117220621.590 24 137  86  36  36  0  
20131117220839.620 24 137  86  36  36  0  
20131117220841.124 24 137  86  36  36  0  
20131117220841.723 24 137  86  36  36  0  
20131117220842.354 24 137  86  36  36  0  
20131117220843.57 24 137  86  36  36  0  
20131117220843.480 24 137  86  36  36  0  
20131117220843.680 24 137  86  36  36  0  
20131117220843.849 24 137  86  36  36  0  
